ID MatchID PlayerID Time Type AssistingPlayerID
01 01 18 29 R 20
02 01 28 55 P 00
03 01 26 57 R 28
04 02 18 73 R 00
05 03 28 17 R 00
06 03 18 40 R 00
07 03 26 57 R 18
08 03 31 77 R 26
09 05 26 30 R 20
10 06 26 15 R 32
11 06 32 23 R 00
12 06 17 68 R 31
13 07 32 29 R 00
14 09 26 24 R 17
15 10 31 50 R 00
16 10 28 58 R 07
17 10 16 75 R 26
18 11 26 21 R 11
19 11 11 24 R 00
20 11 23 56 R 00
21 11 26 75 R 11
22 12 26 31 R 16
23 12 26 41 R 32
24 12 32 68 R 00
25 13 26 65 R 23
26 14 18 17 R 27
27 14 26 77 R 18
28 14 26 83 R 00
29 15 20 30 R 32
30 15 28 31 R 32
31 15 28 48 R 26
32 15 32 87 R 00
33 15 33 89 O 00
34 16 26 42 R 08
35 18 32 20 R 13
36 18 06 26 R 28
37 18 26 44 R 23
38 18 28 66 R 28
39 19 32 26 R 00
40 19 26 52 R 28
41 19 28 71 R 20
42 20 32 06 R 26
43 20 28 52 R 32
44 20 12 65 R 00
45 20 28 66 R 26
46 20 23 82 R 00
47 21 26 52 R 18
48 21 26 76 R 07
49 22 18 61 R 00
50 22 09 94 R 06
51 23 
52 23
53 23
54 23
55 25
56 25
57 25
58 26
59 26
60 27
61 27
62 28
63 28
64 28
65 28
66 29 
67 29
68 30 
69 31
70 31
71 31
72 31
73 31
74 32
75 32
76 34
77 34
78 34
79 35
80 35
81
82
83
84
85
86
87
88
89
90
